105050228 105050237 0.128685224954
105050228 106108549 0.0770494738638
105050228 2877113183 0.0704449543058
686152900 686152901 0.0777366486709
686152900 686152898 0.124935067474
2272874743 2272874725 0.00620280498537
2272874743 2272874729 0.00840416380706
686152903 686152901 0.137167307
686152903 686152905 0.0603787045262
686152905 686152906 0.0400442847742
1602034048 1602034047 0.010913319872
2877113183 686152903 9.0
686152906 1602034048 10.0
1602034048 999999999 10.0
999999999 10000000 20.0
1602034048 2877113189 1.0
2877113189 10000000 5.0
