105050228 105050237 0.128685224954
105050228 106108549 0.0770494738638
105050228 2877113183 0.0704449543058
686152900 686152901 0.0777366486709
686152900 686152898 0.124935067474
2272874743 2272874725 0.00620280498537
2272874743 2272874729 0.00840416380706
686152903 686152901 0.137167307
686152903 686152905 0.0603787045262
686152905 686152906 0.0400442847742
1602034048 1602034047 0.010913319872
1602034048 1602034049 0.0105431006195
1602034049 1602034050 0.0102723458731
104550565 106016665 0.0666364007155
104550565 2322619171 0.0455139092543
104550565 104550561 0.179070226205
105174970 105728389 0.0492600435732
105174970 104866055 0.125424896632
105174970 104776847 0.0157860275514
1602034044 339262718 0.00581139881244
1602034044 339262719 0.0069798206725
105755603 105755593 0.0140591990082
105755603 105755609 0.0105542015298
104550561 2877113181 0.0596184714028
1602034043 1602034045 0.0108788856655
1602034043 1602034042 0.00653647472764
1602034040 1602034039 0.0049363977885
1602034040 1602034041 0.0051198581072
1602034041 472536515 0.00432408748969
1510755217 1510755283 0.00866081471273
1510755217 1510755513 0.00581217012942
105753698 104582526 0.0304674813971
105753698 105705563 0.0442528721188
105753698 104570789 0.0910551243595
686152906 686151951 0.0424658509943
271196578 3228606324 0.00759208217767
271196578 271196577 0.015137199881
1362263100 684842311 0.0581308817864
1362263100 684842312 0.0663059928996
1766105169 1766105231 0.0253588113506
1766105169 105770563 0.0281255593458
1766105168 105934803 0.0121451578065
1766105168 105939407 0.0722549669889
2611406739 2611406729 0.00361300422085
2611406739 2611406743 0.00822686059506
1602034047 1602034046 0.0169406269416
104632862 104632872 0.119518135804
1766105164 1766105150 0.0307790456626
1766105164 107476254 0.0261569817497
1766105166 105770089 0.051360795343
1766105166 105006585 0.0444454736521
105011844 1859061763 0.0528269563199
105011844 1637282089 0.0795244196364
105011844 1605785102 0.00823414211771
105035413 1026040389 0.0342011183729
105035413 1026040984 0.00958239951917
105035413 105742835 0.0663443470965
105916624 104722173 0.136121649629
105916624 104544858 0.0399352919036
105916624 105009277 0.0416404485326
302983306 104670293 0.0118102967689
302983306 302983304 0.0251999153541
2173674197 2173674208 0.00264448632819
2173674197 2173674186 0.00394802898568
1602034042 339262721 0.0143114902858
104977718 104977732 0.0818683111121
104977718 104977705 0.130326401061
105086459 104847811 0.227405940416
105086459 104775985 0.0453453743104
105086459 105086466 0.046493887746
339262183 339262182 0.0240534229052
339262183 339262204 0.053561352617
339262183 339262194 0.0202143327619
339262182 339258908 0.0255166800981
105086450 2610385304 0.143995722608
105086450 104775985 0.0346023148012
105086450 105086440 0.0739358933126
688600191 2816747695 0.0160305703017
688600191 688600194 0.107303679202
688600196 688600199 0.0108783912797
688600196 688600194 0.0128762083208
105997431 1025936236 0.00756004350562
105997431 1025936233 0.0935626497267
688600199 688600202 0.0121279633509
104905462 104905472 0.035857247561
104905462 104905452 0.0340034276178
104480386 104480389 0.00503724441401
104480386 104480378 0.00460021280608
1790770326 104201157 0.0472991677776
1790770326 1790770317 0.0160569570701
1790770326 1604976362 0.0219636999401
105155527 105155427 0.0225132784605
105155527 316139077 0.0924859947908
105155527 105900610 0.0530907824687
105711255 104782601 0.0416791524754
105711255 105711264 0.0289014438492
105711255 105711246 0.185093259768
105711255 104384340 0.0452318050567
684907787 684907786 0.015777622421
684907787 684907788 0.0118510702435
105008203 104657121 0.0482010048649
1790770324 1790770313 0.00495586518445
1790770324 1790770323 0.00766039835233
1790770324 1790770321 0.00626216529278
1790770325 1790770334 0.00806742987523
1790770325 1790770323 0.0332278732631
1790770322 1790770327 0.0684907253713
1790770322 1790770319 0.0203814181633
1790770322 1790770329 0.0130321514724
105128195 105128189 0.0479651587567
105128195 104215283 0.0606085222882
105756346 104593704 0.0830745507463
105756346 105756339 0.123704032416
105756346 104607689 0.144048932944
105756346 104583273 0.0462893082658
684907783 684907784 0.0117769954932
684907783 684907782 0.0168106948755
1462746617 105028234 0.182969005924
1462746617 104566395 0.0440985031296
2323725021 2323725020 0.00884950474141
2323725021 2323725002 0.00763386729733
105006691 105006682 0.193533851685
105006691 104661927 0.0939643136021
683653603 683653604 0.0612686130681
683653603 683653602 0.0549210621097
684907780 105017073 0.0326732692398
107714813 644769331 0.0294679289212
107714813 2611682541 0.0274840450325
684907781 684907631 0.0274395663181
684907781 104974735 0.0856217741105
1446482152 1446482139 0.0214136071181
1446482152 1446482185 0.0223990545287
1254848740 1254848798 0.0214551898182
1254848740 1254848875 0.0246611860157
1254848740 1254848774 0.116271576639
1254848740 1254848890 0.0180264654871
105784168 105903433 0.0387798358611
105784168 105071442 0.0528403163122
105784168 105784177 0.0728974333514
105785696 1829222223 0.072677189048
105116715 104739416 0.0415840706622
105116715 105709327 0.028819496816
105116715 105116721 0.122327082874
105184479 105725955 0.0419507959132
105184479 104763240 0.178177862774
105184479 105184471 0.0504222103429
105184479 105184489 0.0391849701089
106034064 106034057 0.0656487167822
106034064 104372302 0.0473882525871
106034064 106016932 0.0339959761498
106034064 3060512482 0.0778081967145
105823069 1025872578 0.0204273988266
105823069 105823078 0.075400338231
105823069 104556859 0.0480964053613
1323944710 1323944705 0.168625798595
1323944710 2401945727 0.0220501248552
107565887 107648184 0.118816658744
107565887 107523360 0.0476590503735
107565887 104770319 0.0420380310168
1790770328 1790770334 0.00767839963754
1790770328 1790770320 0.0384005084951
684907789 684907790 0.020386385215
684907789 684907788 0.0137939739175
684907789 684907170 0.052259718192
1768042032 104904429 0.0440308066882
1768042032 105770071 0.0343169836493
106046836 106046797 0.0643792876928
106046836 106343607 0.107564727311
106046836 3213588915 0.0449055438291
104569483 106332267 0.0723944483571
104569483 106332259 0.0563567665248
1437004118 1437004121 0.0018556461644
1437004118 1437004107 0.00480137837992
105239868 105239876 0.0885548132537
105239868 105913521 0.154602245462
105239868 105745789 0.119789911268
105239868 104902855 0.0637611972785
104832392 2604152670 0.0752234462067
104832392 2604152664 0.214464365488
1252104535 1252104713 0.0156418208376
1252104535 1252104477 0.0291000431865
1252104534 105181376 0.0130128176464
1252104534 1252104488 0.0156562240149
1252104536 1252104419 0.0136093719627
1252104536 1252104518 0.00487063346748
104612535 105888885 0.0952417420098
104612535 105888897 0.0921381974198
104612535 104612542 0.0433590092673
104612535 104612525 0.0401850237471
1252104530 1252104733 0.0282213401113
1252104530 1252104711 0.0168766202766
1252104533 1252104446 0.00343493221967
1252104533 1252104575 0.0040921436965
738914102 738914099 0.00738632760972
738914102 738914103 0.0176782276227
738914103 738914104 0.0190605638032
105878086 104788519 0.015352164519
105878086 105878074 0.0336412060122
1252104538 1252104589 0.0426451029423
1252104538 1252104490 0.0136067245274
104196641 105067072 0.0360847983415
104196641 105067086 0.131672190281
104196641 104196631 0.203773888982
105993409 104595254 0.101477557162
105993409 105993417 0.162581898545
105993409 105810181 0.133018099463
105993409 105943690 0.070063978881
104400247 105697603 0.112057529403
104400247 105231432 0.105162584686
104400247 104400240 0.0414738982752
107568526 2701096688 0.050786013647
107568526 313325395 0.0507228513025
271213496 271213497 0.0409910936811
271213496 271213495 0.0880291246671
271213497 104773921 0.0876402523359
271213494 271213495 0.0686889572296
271213494 271210695 0.0578209379158
271213494 271213763 0.0375218589333
105993401 104668179 0.0657811678822
107601600 105739773 0.0623978668518
107601600 3189628763 0.0477762099493
107601600 3189628765 0.0208955372562
105740603 104777040 0.0413845753818
105740603 105740601 0.0980209236802
105740603 104712761 0.0371272823758
105740603 105740605 0.206070316697
2173674196 2173674195 0.0107872350133
2173674196 2173674180 0.000946717495632
2173674196 2173674216 0.000915174893995
455000592 455000647 0.00418585568053
455000592 455000648 0.0146805278488
1734711497 104857782 0.00913786635844
1734711497 1734711523 0.171913416765
2173674191 2173674214 0.00244590418005
2173674191 2173674230 0.00716047301431
2173674192 2173674199 0.000912866136029
2173674192 2173674210 0.000921186785683
105083399 106121983 0.0624674034543
105083399 105083406 0.0407585413588
105083399 105083388 0.0175092433797
105962433 106061285 0.0665451489128
105962433 105209483 0.0744362396574
105962433 106061290 0.0481864365023
105962433 105037619 0.0436011893994
104569730 104569741 0.0223260593021
104569730 104569721 0.0176686079049
2173674199 2173674198 0.00066653042187
105965427 104617035 0.0751246350022
105965427 104893887 0.02217651413
105965427 105889035 0.0444500453895
1454510574 1454510586 0.0524006953174
1454510574 105245766 0.0277697310571
1454510575 1454510558 0.0467310773364
1454510575 1454510623 0.00592265563808
1454510576 1252057888 0.00744865014045
1454510576 1454458369 0.0106116920467
1454510577 1454510621 0.123518696234
1454510577 1454510555 0.0191574416567
104683263 104508716 0.167544291184
104683263 107695227 0.0129698276287
104683263 1253663361 0.00800078129733
104683263 684907499 0.0317873390923
1454510571 1454458375 0.00600133889674
1454510571 105098687 0.00596805419336
1454510573 1454510605 0.00981667744068
1454510573 1454510588 0.00980313378029
1454510578 105727972 0.00510583940031
1454510578 1454510600 0.0120862367092
2777941487 2777941488 0.00752919734758
2777941487 2777941498 0.0329165694305
104637609 104637611 0.0237789755116
104637609 105981757 0.142148118434
104637609 105981767 0.0729304871263
104484094 104484090 0.0422572553639
104484094 104484103 0.0162021210121
104919900 2632119377 0.0121226208123
104919900 105689019 0.0771199372002
104919900 2632138703 0.00310215113027
1437170612 1437170610 0.0368259241273
1437170612 1437170614 0.0179436492182
106015708 104246269 0.0356653436612
106015708 105731568 0.179394471119
106015708 106041368 0.0507559298808
106015708 106041363 0.0444799108071
1437170613 1437170611 0.012856611315
1437170613 1437170615 0.00676122596904
107673251 1847120607 0.0845470702925
107673251 1025986710 0.0111782943372
107673257 107729594 0.136646698194
107673257 105740786 0.0525341780729
107673257 1025985660 0.0545619425913
107673257 105228567 0.141893024277
104639517 2807996454 0.0147311307322
104639517 104639507 0.136393980541
104639517 105774209 0.121543017477
104639517 3002278225 0.0409175961731
2993405644 2993405646 0.0122280782583
2993405644 2993405641 0.0114097134332
2993405645 2993405647 0.00785658247683
2993405645 2993405643 0.0049883324067
2993405646 2993405650 0.00836512016815
1437170611 422412332 0.0275542402932
2993405640 2993405639 0.00618615077257
2993405640 2993405643 0.0110938713057
1014900289 1014900286 0.0217237807276
1014900289 105696921 0.0238369934516
2993405642 2993405634 0.011174336401
2993405642 2993405648 0.0155016061116
2993405648 2993405654 0.00950950965694
2993405649 2993405652 0.0075133612705
2993405649 107606365 0.104431385094
1437170614 1437170616 0.00857231723918
104820774 1436076179 0.0153343559558
104820774 693129435 0.0129996116753
104820774 104450008 0.209692658906
105995583 105995592 0.0440069556387
105995583 105705553 0.276939239319
105995583 104570748 0.0434011801423
105995583 107553613 0.175328600119
2611406731 2611406725 0.00955527201584
2611406731 2611406743 0.00658436890033
105842729 1565739640 0.0362270105636
105842729 105842718 0.0311726715147
105858741 104534360 0.103008784849
105858741 105910905 0.0411358008962
105858741 105910916 0.0400148637045
105858741 105858728 0.103959327981
104609356 104609365 0.167654574855
104609356 2611682393 0.0107235505641
104609356 105120418 0.0466437044625
871729607 871729690 0.0150210280741
871729607 2802959987 0.302567281518
871729607 871729619 0.0155267457818
871729602 2802959987 0.00337683923855
871729602 871729670 0.0127959737282
871729602 871729708 0.0496085190626
104673474 733311578 0.0575186980157
104673474 106042703 0.11645261391
1453231122 1453231111 0.00911956202874
1453231122 1453231125 0.0119985228431
687437049 105200605 0.0800327849103
687437049 1453230400 0.0248627732774
687437049 687437023 0.0206212964912
1766620047 107489581 0.0185263968097
1766620047 1766620004 0.0163520416526
687437040 105200605 0.0225870047661
687437040 687437039 0.0661277592214
1833489717 105728773 0.0139651771659
1833489717 105728768 0.0128510938762
1766620043 1766620087 0.0308039218499
1766620043 104726125 0.0191710624095
1766620040 105979793 0.0376742993309
1766620040 105742012 0.022097789617
302983304 302983206 0.0123614207114
2396478160 2396478139 0.051665989934
2396478160 105013331 0.0992866541239
2396478160 105013345 0.0145842289086
1453231127 694338467 0.0160409042164
1453231127 1453231133 0.0130475629841
105963747 104992009 0.0387011934732
105963747 1362263249 0.0105947484697
105963747 104633450 0.120330995051
1685862473 1685862485 0.00373755333515
1685862473 1685862460 0.00283122510086
1685862471 1685862505 0.0319260989451
1685862471 1685862456 0.00434075306021
105675505 104582441 0.0650627618653
105675505 2993405403 0.0292561340808
105675505 104582431 0.0226250782421
104974430 107489581 0.0194930231516
104974430 104974439 0.0761107482638
104974430 107489566 0.150281772951
1685862475 1685862466 0.00321512207097
1685862475 1685862489 0.00267876597906
104974439 104966641 0.0754771209893
104974439 104548974 0.155578320915
104685310 105802828 0.0331537216486
104685310 104685300 0.0301874600115
104685310 104685318 0.0442663501086
105248196 105248187 0.0751095327917
2322232699 2322232670 0.0644768471148
2322232699 2322232656 0.116195215558
2322232698 2411519925 0.0512727900675
2322232698 2322232669 0.0493350025227
2322232695 2322232673 0.0440555550659
2322232695 2322232667 0.0545033477044
2322232694 2322232693 0.0349582438535
2322232694 2322232663 0.0449691725192
2322232697 2987189909 0.00932845253525
2322232697 2322232657 0.066153011341
2322232696 2322232671 0.114595330473
2322232696 2987189909 0.00554696857607
104861603 104861614 0.0143357362658
104861603 104861594 0.0784459323132
2322232690 2322232691 0.0674201928278
2322232690 2322232689 0.0924538657357
104614027 1685862347 0.0993942793775
104614027 104944324 0.159891996797
104614027 104614034 0.0657267755154
686490281 686490275 0.0175487420907
686490281 686489962 0.0285314854372
105990458 313015140 0.017419266915
105990458 313015142 0.0328358241011
106059997 1769031400 0.101386576062
106059997 105837729 0.0611816964231
106059997 1769031393 0.0618785762607
104599512 104932806 0.0453684385689
104599512 104599527 0.158064077936
104599512 105260839 0.0101119289766
105990450 313015139 0.0400548638102
105990450 313015140 0.0190127569756
105981778 105981767 0.0309120737758
104684953 1808827058 0.0404326051054
104684953 1808827024 0.0276627968657
105192283 2983981972 0.00761931016859
105192283 2983981973 0.00583483153847
1685862772 1685862775 0.0125885440045
1685862772 1685862770 0.0310864999877
1685862772 3275712181 0.00855816807946
1254864138 107730419 0.0311529274733
1254864138 1254863854 0.0215648065564
1254864134 1254863854 0.116526481797
1254864134 1254863598 0.0187174935647
104650127 104650119 0.0174883058485
104650127 2610440948 0.0486893802625
104650127 104621658 0.0465210737074
104680241 104680250 0.119727199865
104680241 106027150 0.055366795636
104680241 104680227 0.00531141031748
107697914 107697904 0.0533759852855
106013487 104847956 0.0518462395229
106013487 105859388 0.0177632472461
106013487 104553147 0.123724830225
104450215 104450204 0.0103597666183
104450215 104450227 0.038999694319
104638391 105996529 0.0479132659873
104638391 105843206 0.119494567596
104638391 104638406 0.0485563193543
107568936 760849172 0.00987467071391
107568936 107568941 0.108573087563
107568936 104897735 0.0310959983869
2173733009 2173732895 0.0054814799874
2173733009 2173732907 0.0065007408907
104534402 104968274 0.0472818313715
104534402 104968283 0.0780019269143
104534402 1252520707 0.0221444804876
2173733004 2173732895 0.00497605102083
2173733004 2173732912 0.0574005071803
2173733004 2173732905 0.0037755879382
2173733007 104507077 0.0137285368112
2173733007 2173732957 0.0134069731479
2173733007 2173733044 0.0166479194314
2173733007 2173733027 0.00828072575648
2173733000 2173732933 0.00945109927397
2173733000 2173733019 0.0158508256897
2173733000 2173733002 0.0531625322595
107597427 105072505 0.0478938912991
107597427 105170274 0.05049734614
107597427 105823140 0.101694069255
2173733002 2424929171 0.0109752024757
271196577 3225872865 0.018613843282
271196577 3228606325 0.0141499701301
107716321 105028285 0.0442987575213
107716321 104477874 0.045127627473
107716321 107661031 0.0541217445637
107716321 105100332 0.0572723587324
104635513 105096542 0.0382828404532
104635513 2984211974 0.0315655667529
104635513 104635505 0.0893322544702
104635513 104635520 0.273493451289
2635946907 2635946905 0.00746746986618
2635946907 2635946909 0.00815118767381
271196579 3228606324 0.00710913520928
271196579 3292048421 0.00704128230618
2635946905 2635946903 0.0111543366645
2635946903 2635946901 0.00791391748624
2635946901 2635946899 0.00600494941422
104940781 104940790 0.0451714246072
104940781 104967609 0.0916363093036
104940781 104940769 0.0392927571976
104572628 105983741 0.0845264679445
104572628 104572618 0.0490234127354
104572628 104572636 0.0434201086359
105053398 104245885 0.0462563706057
105053398 104510235 0.0498605751727
105053398 104954080 0.0948386020624
105053398 107655066 0.0463536679235
104799403 105847143 0.0625283575019
104799403 104799395 0.0926050147723
104799403 104591898 0.150154350411
104799403 105969123 0.0413342623208
1025936380 107486041 0.0939646925934
1025936380 1025936381 0.154410045089
1439387527 1439387525 0.00822325839711
1439387527 1439387531 0.00828797175872
2738910225 2738910227 0.0167526098127
2738910225 2738910223 0.0398584607515
104509256 104776881 0.047970449104
104509256 104509248 0.190864567621
104509256 104776886 0.0460619902397
2738910221 105178838 0.0412954406385
2738910221 2738910232 0.00945875776215
2715153031 2715153029 0.0413353230641
2715153031 2715153018 0.0555589295163
686559019 686559022 0.0223483358069
686559019 686559017 0.0158421934767
105079833 105079818 0.0495053954898
105079833 1253650398 0.0519963549996
105079833 1253650482 0.00484405439155
104449446 104626042 0.0470521043198
104449446 104626030 0.0392739969277
104449446 395376350 0.0260140903859
104449446 104449459 0.0832917098421
105777328 104721772 0.0408710486873
105777328 105777335 0.0401051346736
105777328 105733099 0.118174047556
688624027 688624031 0.0153065886775
688624027 688624022 0.0429285703091
686559010 686559009 0.0157040964612
686559010 686559015 0.0161147597266
686559017 686559015 0.0172282877774
106348658 1766679063 0.0935832624167
688624022 688624019 0.0184746610963
104249975 104249990 0.0492147552697
871704848 871704845 0.00522970574851
871704848 871704852 0.00640311057619
104641808 104641815 0.0308730302926
104641808 104641800 0.085447091299
1797161987 1797172145 0.0161588491296
1797161987 2987191318 0.0814772285604
1797161986 2987191385 0.0295151361776
1797161986 2987191377 0.137365691181
1797161986 2987191381 0.0283420115764
1797161989 107564335 0.157146616117
1797161989 278089338 0.0488774752628
1797161988 107564408 0.0568320094495
1797161988 530402506 0.0598534233029
1797161988 2987191383 0.0413303355496
104641800 105854274 0.0741822211989
104641800 104641789 0.16490749914
1437176405 1437176404 0.00380548674724
1437176405 1437176406 0.0030285699117
1027007479 1027007480 0.00589830785399
1027007479 104838665 0.0124987098462
1437176407 422412562 0.00466591330887
1437176407 1437176409 0.00739979957823
1437176406 422412562 0.00410327242171
1437176401 422412569 0.00738676406836
1437176401 1437176400 0.00933979820431
1437176400 1437176399 0.0116098298814
1437176403 1437176404 0.00554910117143
1437176403 1437176402 0.00816726974442
1437176402 422412569 0.00840742242208
810373263 810373146 0.0118242314152
810373263 810376641 0.0380587140823
104681114 472694578 0.0397889296312
104681114 472549642 0.0182764953779
1437176409 422412557 0.0185918100107
1437176408 105994019 0.0213514247735
1437176408 105994013 0.0221335268515
1704819980 1704820000 0.0127119702063
1704819980 1704819994 0.00710467114172
1704819980 1704820002 0.0163925273602
105253480 105253468 0.0349968650529
104199188 104199196 0.26108061063
104199188 2934996305 0.0192441360037
104199188 104740103 0.058879239456
1025985901 105685547 0.0650466325621
1025985901 105186525 0.0294731636176
302756523 302756561 0.025162321067
302756523 302756496 0.0514141655997
302756523 302756497 0.0382005904736
302756523 302756522 0.0319200524797
302756522 302756479 0.0504810067164
302756522 302756497 0.0507753137552
302756522 302756552 0.0399855069286
302756522 302756570 0.0114736698605
302756522 302756591 0.0139286838699
1808382784 104857771 0.0269058129947
1808382784 105176425 0.0254275307672
1808382786 104857771 0.145901188359
1808382786 1808382789 0.100904326224
105076719 105076710 0.254204716753
1808382782 1808382776 0.0251091183781
1808382782 1808382780 0.024829067859
105076710 107489604 0.070544813964
105076710 105961244 0.0992088850342
105017084 104598386 0.0663827570602
2715152923 2757383275 0.0226542725715
2715152923 105086680 0.0122312410651
104699751 104699760 0.0654079458516
104699751 105806830 0.107536889432
104699751 104699739 0.0990300158221
735984069 735984068 0.0297361630798
735984069 735984070 0.0466505850602
1400098761 1400098762 0.0601916783817
1400098761 1400098757 0.146896843723
687142239 687142238 0.0283425118057
687142239 687142240 0.0277017429374
735984063 826980717 0.0263023395098
735984063 735984097 0.0176796121089
735984061 735984060 0.0312213664332
735984061 738170105 0.012906202035
302984567 302984568 0.0144666465607
302984567 302984566 0.0172088394562
1534827332 1534827334 0.0679555243116
1534827332 684907458 0.0266834984341
735984066 738169079 0.0388188352356
735984066 735984065 0.0808790507251
735984065 2844455347 0.0137774586183
735984064 738178741 0.00814053942193
735984064 2844455347 0.0157305634956
735984064 738178745 0.0179861868539
1849113378 1849113389 0.021244473052
1849113378 1671030119 0.0352391472521
271197711 689934698 0.0621571938455
271197711 271197750 0.0920886723698
271197711 271197763 0.0830478068768
271197711 689934798 0.0843079032201
104442751 104442738 0.0249509035073
104442751 656068358 0.00836548170706
104510223 104194129 0.0464293474519
104510223 104954090 0.0698422645739
104510223 104954080 0.0494823311274
104510223 104194082 0.0483757835061
105856970 105856964 0.101429204367
105856970 105940701 0.0543959774942
105856970 105940710 0.0518589694918
105856970 104874762 0.101188913384
104522045 104522032 0.0523413750771
104522045 106005528 0.0363272443211
104522045 105769176 0.0572059494812
107491157 107491183 0.155882556729
107491157 105130150 0.0239629941685
684670673 684668206 0.0829070188896
684670673 684670669 0.0480590768821
1253663378 1253663379 0.00679259674762
1253663378 1253663376 0.00569124297201
1253663379 1253663381 0.00626809234054
105217210 2810382534 0.0564739976731
105217210 104726441 0.0559589745744
105217210 104902915 0.0658103926748
106119865 2611571744 0.0255477771827
106119865 2611571746 0.0120030178175
1014900021 104894078 0.0456556814043
1014900021 104894071 0.0394264523059
1253663370 1253663344 0.0322389433316
1253663370 1253663368 0.0195445782156
1253663371 1253663387 0.00885628161881
1253663371 1253663369 0.00480164363527
1253663372 1253663380 0.00432617827117
1253663372 1253663357 0.00380799167613
1253663373 1253663366 0.0302717445518
1253663373 1253663353 0.018157087494
1253663374 1253663346 0.00630434561203
1253663374 1253663348 0.00737380120207
1253663375 104764843 0.0496429861741
1253663375 104769598 0.0259337026852
1253663376 1253663342 0.00632119013184
1253663377 1253663364 0.0163718479254
1253663377 1253663360 0.0187775305113
2635742805 2635742807 0.00229592177076
2635742805 2635742802 0.00302702239511
2635742807 2635742812 0.00152341257076
2934996498 2934996490 0.0251129961342
2934996498 107736756 0.025138613607
2635742802 2635742799 0.00440542152163
1454907339 1454907340 0.012575376826
1454907339 1454907328 0.0116053477628
105009362 2610441115 0.158467306248
105009362 105009375 0.0622885247297
105009362 107484642 0.187931389645
316139507 104617035 0.0298629144154
316139507 316139506 0.0324213560541
316139506 105095644 0.17583368243
2983981972 105859253 0.00526422150834
2983981973 2983981974 0.00517782219216
2983981970 105752778 0.115876300368
2983981970 105752768 0.00351872701734
2983981971 105859253 0.056616209492
2983981971 105752768 0.00584509652436
2983981976 105971071 0.0720186692314
2983981976 2983981975 0.00566151986198
2983981974 105192296 0.0766082559576
2983981975 105971064 0.00666951660615
104992785 105681426 0.0596393489308
104992785 105210168 0.104211153898
104992785 104992775 0.0503091619726
104992785 104992795 0.187568094487
104851884 104799222 0.0494941188923
104851884 104851878 0.0871916669931
104851884 104851892 0.102358357134
104851884 105257642 0.0822338924126
2934996492 106031176 0.0109846548732
2934996492 2934996495 0.00605562353167
303191180 303191179 0.00885728509514
303191180 303191181 0.00307712422884
1508795724 1508795699 0.0414529820732
1508795724 1508795718 0.00632612109799
104731938 104731929 0.0359796565605
339254912 339254913 0.00851619008185
339254912 339254911 0.0159142455771
106016283 106016275 0.014606588454
106016283 106016294 0.0101988139201
1640748478 1603974396 0.00795218028875
1640748478 104373129 0.0697782927708
104443408 104443397 0.0229100177932
104443408 104443415 0.0176947589405
105711750 2747063695 0.0139230103791
104810338 105693078 0.114865410429
104810338 104810349 0.041195148712
104810338 107580584 0.102513239789
104890089 1734711485 0.0306285762066
104890089 104677218 0.0440130655171
105711757 2747063696 0.133613017439
1640748475 104373105 0.00788021311205
1640748475 1604017100 0.137895044504
1252047094 1252047183 0.0453441163628
1252047094 2715153120 0.0140240386599
1252047095 104668466 0.0722393448232
1252047095 104668462 0.0225951235607
1252047097 1252047127 0.0383503324888
1252047097 106087497 0.0412768035368
1252047091 2978788830 0.0807231190745
1252047091 104593129 0.0059104658872
1252047091 104593124 0.0378391460246
1252047092 1252047176 0.0150280023862
1252047092 1252050664 0.0153347357018
2611682610 104555365 0.0983240798819
2611682610 104555357 0.073034897257
107619197 104541277 0.0391836891471
107619197 107619209 0.016491476805
683653598 683653599 0.211486797735
683653598 683653597 0.131400900073
683653599 683653600 0.258125933557
104762614 104692804 0.0737096947803
104762614 104609251 0.0383797404924
104762614 104762608 0.1300520541
105875762 107527597 0.173634832097
105875762 107491069 0.047620373626
105875762 104601783 0.0574852208709
105875762 105875753 0.0500660585481
683653590 683653591 0.0313935764601
683653590 683653589 0.0118577928596
683653591 683653622 0.0550799504696
683653591 683653550 0.0395451421444
104533999 104533971 0.036696943226
104533999 1253650429 0.0148854948147
683653593 683653592 0.0377131380963
683653593 683653594 0.0534744745449
683653594 683653449 0.0638683578083
683653595 683653449 0.0495778356712
683653595 683653596 0.046750874094
683653596 683653597 0.0555574906265
104770154 104996897 0.0410045804851
104770154 104770150 0.0243076469816
104770154 104770159 0.0564344468438
104770150 104770143 0.0734049211005
104770150 105108668 0.0435396192864
106329642 2978788820 0.0260752262561
106329642 3240934571 0.0113533280442
106329642 105706678 0.0215228424735
106329642 3240934572 0.0104268272712
104770159 105108677 0.0436950358908
104770159 104770166 0.0369734703716
105068857 3060512451 0.0270870017451
105068857 3060512456 0.0228968555186
1027100850 1027100851 0.0107281130008
1027100850 1027100848 0.0103551220106
1027100851 107731069 0.0147732511288
2934996149 104591500 0.0108322315735
2934996149 104591508 0.0514724185041
2934996148 2934996147 0.00636548911342
2934996148 2934996152 0.00872953585579
107498940 105982484 0.0552154054017
2934996145 2934996150 0.0275588526315
2934996145 2934996142 0.0121415817213
2934996144 2934996147 0.0158601824607
2934996144 2934996141 0.0117826128415
2934996146 105832473 0.0552822643269
2934996146 105238689 0.0243632588159
2934996141 104838593 0.00675889732794
1598833981 271197776 0.0204422323755
1598833981 271198145 0.0106914628425
2934996143 2934996134 0.0513230397193
2934996143 2934996155 0.039542052646
104897689 106038412 0.0407726746192
104897689 104897696 0.0952212180966
104897689 105057549 0.0364943537905
104187797 104187784 0.0116550215382
104187797 104187809 0.00924539934547
107619220 107619209 0.0111562057981
107619220 107619230 0.0287014970765
107484478 107484476 0.0733871373617
104835616 104968274 0.042032383466
104835616 104351283 0.0114340084623
107484476 2993469819 0.00959268712185
2712094946 104922099 0.0445194711526
2712094946 104922116 0.0477226249721
271197826 271197828 0.00452358279126
271197826 1598833936 0.00795194262584
104850136 104850129 0.125216565539
105029127 1025864471 0.0374343385098
105029127 104474542 0.0212084688625
2611572013 2611571997 0.0295566881204
2611572013 2611572034 0.0164848830429
105029121 1025864471 0.0612740665002
271197825 271197776 0.0191663192828
271197825 1598833980 0.0114969621817
104997553 104997538 0.0406249844238
104997553 107652355 0.082877447408
104997553 104852201 0.0422197511172
2174857615 105097584 0.107267445302
2174857615 2174857673 0.0542231039113
2174857615 105075863 0.0916886754257
107556126 107556133 0.199802214697
107556126 105013059 0.0702035674117
107556126 104824569 0.0124703287794
2174857616 2174857625 0.0176420091924
2174857616 2174857648 0.00546355482887
2174857619 2174857624 0.00310353145303
2174857619 2174857637 0.00294558797962
529749290 2861423385 0.00885751361213
529749290 2861423388 0.00863679362193
105181918 1859089651 0.0224293001147
105181918 105067091 0.0861883581945
105181918 3155026015 0.0371328141148
2611571989 2611571999 0.0348794920946
2611571989 2611571981 0.0222527850702
2930303158 2930303156 0.00416432490208
2930303158 2930303161 0.00356081537311
1026040059 105740796 0.0862758692814
1026040059 1847120606 0.0245332682236
2930303156 2930303155 0.00455483045255
2930303155 2930303159 0.0312490850953
2930303152 1027025984 0.00748873653771
2930303152 2930303153 0.013027809059
2930303153 104376238 0.0907306389487
687142234 687142233 0.034419541476
687142234 687142235 0.0320961705365
3115687032 3115686822 0.0129872957502
3115687032 3115686823 0.0132704113426
3115687032 3115687031 0.0395211353156
3115687033 3115686820 0.0189571919711
3115687033 3115687034 0.0436843467771
3115687030 3115687029 0.110243884226
3115687030 3115686822 0.0156542142201
3115687030 3115686828 0.0172596814309
3115687031 3115686821 0.0142976032774
3115687036 3115687039 0.0117966397891
3115687036 3115687037 0.0126317993574
3115687037 3115687038 0.0456562975932
3115687034 3115687035 0.0208576596109
3115687035 3115687039 0.00871651278006
3115687038 3115686823 0.0077747007338
3115687038 3115686824 0.0193847149149
3115687039 3115686824 0.0565779547138
105047939 2611406823 0.0192969647817
105047939 104609223 0.171808330703
105047939 104583615 0.0381881499866
656067729 656067791 0.00792401671772
656067729 656067730 0.0510661027816
656067729 656067728 0.0574162117657
656067729 656067792 0.0172365104801
313324314 313324321 0.0190035853271
313324314 316651389 0.0417948811391
687084630 105195382 0.0962962440855
105062409 105696548 0.0535395855089
105062409 105062421 0.196710350723
105062409 106063722 0.051736782023
105062409 105062400 0.149918016282
105071442 105071430 0.0415631610964
105071442 105071446 0.07573592152
104620307 104380052 0.0532279416706
104620307 1025834288 0.0215400513097
104620307 105800812 0.0932828056333
105062400 106036204 0.0555293581793
105062400 104764517 0.0420573880655
105062400 1765692630 0.0109805976212
104764533 104850623 0.0484600642765
104764533 104764527 0.0535353227857
104764533 106036212 0.0475179635596
104764533 104764540 0.0545891352462
675670128 683669878 0.0156152184272
675670128 675670137 0.0358022250538
675670128 683669963 0.0355727871169
105757535 105757542 0.0333262132754
105757535 105757530 0.0227904471964
105072622 2934996563 0.0523954274163
105072622 2938373257 0.0471548908732
105072622 2934996561 0.0145954654036
105072622 104637883 0.11768520032
106014910 104632744 0.123208489866
106014910 106014918 0.0595401525148
302985763 302985762 0.0105670992623
302985763 302985764 0.00946259629817
1025986590 106008797 0.0217973950706
1025986590 104185921 0.0279288499809
105150768 105202342 0.0994824627857
105150768 105150756 0.190119520207
105150768 105150782 0.197644095439
105150768 105202335 0.102191578105
105752637 105919513 0.0478732438735
105752637 105752625 0.0940333784871
105752637 105752644 0.0426682798483
105797139 1766488627 0.0829657442893
105797139 107736676 0.107865576663
105797139 2766493008 0.0791177698423
105864944 3159073364 0.0271722919619
105864944 104446578 0.0722689993066
104204236 1025937108 0.0275812352514
104204236 104496156 0.137902730251
104204236 104204228 0.229998537487
105864949 3159073364 0.0267988433585
105864949 104726161 0.0643318928894
107537239 105807315 0.0402620286712
107537239 107537234 0.0380199159535
105832473 1445861265 0.0492974965942
105832473 2934996137 0.0376631415351
105832473 105832461 0.0802627662043
107537234 104570977 0.0418264500716
107537234 1025986539 0.0617443882219
105832478 2963790337 0.0481329611934
105832478 1445861278 0.0461636498262
105832478 105238700 0.0572601339433
1808782789 104893961 0.0771386040292
1808782789 1808782800 0.0685493416697
1808782788 105189265 0.0321362953434
1808782788 1808782715 0.0332795979767
1781170564 1781170557 0.00221031917898
1781170564 1781170572 0.00205349371002
1781170568 1781170577 0.00212111110338
1781170568 1781170558 0.00225659456915
1508795734 1508795701 0.00872900536085
1508795734 1508795732 0.00680025702752
1808782783 1808782722 0.0154672375007
1808782783 1808782752 0.0149355553628
2716677302 106091369 0.0116276182795
2716677302 106091360 0.0388087447559
1508795731 1508795717 0.0116365531534
1508795731 1508795726 0.0071695204325
1508795730 1508795717 0.00451973768637
1508795730 1508795712 0.00533526501657
1508795733 1508795698 0.0357674276927
1508795733 1508795704 0.0243493207065
1808782786 1808782798 0.0361152725062
1808782786 1808782794 0.0703419568703
2610440952 2610440946 0.00704458363469
104976606 685118891 0.0882751159177
104976606 3115164358 0.0686928340635
104976606 2867994449 0.00963205994616
104976606 105987017 0.0711455355916
2610440950 2610440970 0.0237889949102
2610440950 2610440948 0.0141890205941
2611406536 2611406551 0.0371561912328
2611406536 2611406524 0.0188135860376
104850068 1859079073 0.148912104217
104850068 104850050 0.216737525618
104850068 105708825 0.0170055768218
2611406534 2611406546 0.0135423533245
2611406534 2611406505 0.0181412779757
104907702 1252108248 0.0617024408072
104359753 690263416 0.034868999017
104359753 690263415 0.0289244122624
271193000 3292048403 0.00930284496401
271193000 271193001 0.00976721090653
2611406538 2611406546 0.0482588505964
2611406538 105746676 0.0532519198063
104907708 105233857 0.0324070717944
271193001 3292048410 0.0127591606962
271193002 3292048415 0.0128172891289
271193002 3292048410 0.0118436668388
104991697 105806307 0.0369185096577
104991697 105806298 0.120930284809
104991697 104991688 0.0859090789076
684907311 684907308 0.00913774615547
684907311 684907143 0.0200964426694
1769031400 2713449369 0.0255120316209
693150427 313322901 0.109626780207
693150427 686444723 0.131928804558
686489357 686489367 0.0288239542677
686489357 686489348 0.0339518686304
104496172 104496162 0.052532658216
105949552 105806969 0.0403746549657
105949552 3157795757 0.0142134843906
105949552 104452030 0.0512923812929
104619880 104619893 0.141171638974
104619880 2715045128 0.0353995239836
104619880 104619870 0.0904729919592
104619880 105059349 0.0760533867823
3167104167 3167104168 0.00715445604212
3167104167 2865711206 0.00343552520535
3167104166 104627342 0.0530158858363
3167104166 2865711331 0.00991495547124
3167104166 3115687079 0.0120026356228
3167104165 104627333 0.00256580664797
3167104165 2865711346 0.00865123798528
3167104165 1459443073 0.0202526554852
684907438 684907436 0.0217477582082
684907438 1534827319 0.0181951107311